i=6;
L=[6.2-i 6.55-i 7.1-i 7.4-i 7.9-i 8.4-i 8.7-i 9.5-i]/100;
F=[10,12.5,15,17.5,20,22.5,25,27.5]*9.81;
%%Dorado
i=39.17;
%L=[39.30-i 39.5-i 41.24-i 43.49-i 44.44-i 44.83-i 45.49-i 45.83-i]/1000;
%F=[200 300 400 450 470 480 490 500]*9.81/1000;
L=[ 39.5-i 41.24-i 43.49-i 44.44-i 44.83-i 45.49-i 45.83-i];
L=[ 39.5 41.24 43.49 44.44 44.83 45.49 45.83];
F=[ 300 400 450 470 480 490 500];
L2=[ 39.5-i 41.24-i 43.49-i 44.44-i 44.83-i 45.49-i 45.83-i]/1000;
F2=[ 300 400 450 470 480 490 500]*9.81/1000;

%
%Gris
 i=55.7;
 L=[54.7-i 53.78-i 53.41-i 53.08-i 52.28-i 51.57-i 50.76-i 49.73-i 49.1-i 48.88-i 48.6-i]/-1000
 F=[200    300     400       500     600    700     800     900 1000 1100 1200]*9.81/1000

i=55.7;
L2=-([54.7 53.78 53.41 53.08 52.28 51.57 50.76 49.73 49.1 48.88 48.6]-i)/1000
F2=[200    300     400       500     600    700     800     900 1000 1100 1200]*9.81/1000

L=[54.7 53.78 53.41 53.08 52.28 51.57 50.76 49.73 49.1 48.88 48.6]
F=[200    300     400       500     600    700     800     900 1000 1100 1200]
%cftool